{"app":"com.DefaultCompany.HummingHavoc-ARDK3-Test2","autofocus":1,"captureGroup":{"sequence":0,"uuid":"018aad2c-49c9-7001-80be-8e600000ffff"},"coordinates":"opengl","depthSource":"none","duration":68.095,"formatVersion":"1","frameCount":805,"framerate":11.807034290329687,"frames":[{"exposure":0.0,"image":"frame_00000000.jpg","intrinsics":[547.6588745117188,547.6588745117188,349.6990966796875,268.3038024902344,0.0],"location":{"altitude":112.33930206298828,"altitudeAccuracy":3.0962047576904297,"heading":275.660888671875,"headingAccuracy":4.923215866088867,"headingTimestamp":1695122471000.0,"latitude":51.4473876953125,"longitude":7.034987449645996,"positionAccuracy":4.923215866088867,"positionSource":"corelocation","positionTimestamp":1695122471000.0},"pose":[-0.05003102123737335,-0.002528473734855652,0.035381853580474854,-0.31194639205932617,0.10354556888341904,-0.6383144855499268,0.6960762143135071],"pose4x4":[0.16366589069366455,-0.9532324075698853,0.2540885806083679,0.0,0.8240296840667725,-0.009511828422546387,-0.566466212272644,0.0,0.5423910021781921,0.302087664604187,0.783935546875,0.0,-0.05003102123737335,-0.002528473734855652,0.035381853580474854,1.0],"resolution":[720,540],"sequence":0,"timestamp":1695122475.0,"tracking":2,"trackingReason":0},{"exposure":0.0,"image":"frame_00000001.jpg","intrinsics":[547.6588745117188,547.6588745117188,349.6644287109375,268.32952880859375,0.0],"location":{"altitude":112.33930206298828,"altitudeAccuracy":3.0962047576904297,"heading":275.660888671875,"headingAccuracy":4.923215866088867,"headingTimestamp":1695122471000.0,"latitude":51.4473876953125,"longitude":7.034987449645996,"positionAccuracy":4.923215866088867,"positionSource":"corelocation","positionTimestamp":1695122471000.0},"pose":[-0.04912503808736801,-0.00257074274122715,0.03674941509962082,-0.3119567036628723,0.10203829407691956,-0.638935387134552,0.6957248449325562],"pose4x4":[0.16269946098327637,-0.9527094960212708,0.25665920972824097,0.0,0.8253833651542664,-0.011110901832580566,-0.5644637942314148,0.0,0.5406215190887451,0.30368030071258545,0.7845423817634583,0.0,-0.04912503808736801,-0.00257074274122715,0.03674941509962082,1.0],"resolution":[720,540],"sequence":1,"timestamp":1695122475.1,"tracking":2,"trackingReason":0},{"exposure":0.0,"image":"frame_00000002.jpg","intrinsics":[547.8785400390625,547.8785400390625,349.63433837890625,268.350830078125,0.0],"location":{"altitude":112.33930206298828,"altitudeAccuracy":3.0962047576904297,"heading":275.660888671875,"headingAccuracy":4.923215866088867,"headingTimestamp":1695122471000.0,"latitude":51.4473876953125,"longitude":7.034987449645996,"positionAccuracy":4.923215866088867,"positionSource":"corelocation","positionTimestamp":1695122471000.0},"pose":[-0.04907017946243286,-0.002691425383090973,0.03729528933763504,-0.31177520751953125,0.09750325977802277,-0.6383324265480042,0.6970087885856628],"pose4x4":[0.16604965925216675,-0.950644850730896,0.26211118698120117,0.0,0.8290483951568604,-0.009344100952148438,-0.5590990781784058,0.0,0.5339537262916565,0.31014111638069153,0.7865786552429199,0.0,-0.04907017946243286,-0.002691425383090973,0.03729528933763504,1.0],"resolution":[720,540],"sequence":2,"timestamp":1695122475.183,"tracking":2,"trackingReason":0},{"exposure":0.0,"image":"frame_00000003.jpg","intrinsics":[547.6588745117188,547.6588745117188,349.6183776855469,268.3466491699219,0.0],"location":{"altitude":112.33930206298828,"altitudeAccuracy":3.0962047576904297,"heading":275.660888671875,"headingAccuracy":4.923215866088867,"headingTimestamp":1695122471000.0,"latitude":51.4473876953125,"longitude":7.034987449645996,"positionAccuracy":4.923215866088867,"positionSource":"corelocation","positionTimestamp":1695122471000.0},"pose":[-0.048755839467048645,-0.0023017600178718567,0.038527749478816986,-0.31081753969192505,0.09495481848716736,-0.6375519633293152,0.6985005140304565],"pose4x4":[0.16902214288711548,-0.9496880173683167,0.26367267966270447,0.0,0.8316335082054138,-0.006160140037536621,-0.5552896857261658,0.0,0.5289766788482666,0.31313514709472656,0.7887520790100098,0.0,-0.048755839467048645,-0.0023017600178718567,0.038527749478816986,1.0],"resolution":[720,540],"sequence":3,"timestamp":1695122475.267,"tracking":2,"trackingReason":0},{"exposure":0.0,"image":"frame_00000004.jpg","intrinsics":[548.5375366210938,548.5375366210938,349.6422119140625,268.3247375488281,0.0],"location":{"altitude":112.33930206298828,"altitudeAccuracy":3.0962047576904297,"heading":275.660888671875,"headingAccuracy":4.923215866088867,"headingTimestamp":1695122471000.0,"latitude":51.4473876953125,"longitude":7.034987449645996,"positionAccuracy":4.923215866088867,"positionSource":"corelocation","positionTimestamp":1695122471000.0},"pose":[-0.04815194755792618,-0.001644134521484375,0.04049399122595787,-0.30948108434677124,0.09464025497436523,-0.637995719909668,0.6987316012382507],"pose4x4":[0.16800934076309204,-0.9501542448997498,0.26263895630836487,0.0,0.8329967856407166,-0.005634188652038574,-0.5532485842704773,0.0,0.5271514654159546,0.311728298664093,0.7905293703079224,0.0,-0.04815194755792618,-0.001644134521484375,0.04049399122595787,1.0],"resolution":[720,540],"sequence":4,"timestamp":1695122475.35,"tracking":2,"trackingReason":0},{"exposure":0.0,"image":"frame_00000005.jpg","intrinsics":[548.0982055664063,548.0982055664063,349.625732421875,268.359130859375,0.0],"location":{"altitude":112.33930206298828,"altitudeAccuracy":3.0962047576904297,"heading":275.660888671875,"headingAccuracy":4.923215866088867,"headingTimestamp":1695122471000.0,"latitude":51.4473876953125,"longitude":7.034987449645996,"positionAccuracy":4.923215866088867,"positionSource":"corelocation","positionTimestamp":1695122471000.0},"pose":[-0.04913325607776642,-0.0013048723340034485,0.04063103348016739,-0.3091598451137543,0.09434233605861664,-0.6380478143692017,0.6988665461540222],"pose4x4":[0.1679890751838684,-0.9501543045043945,0.26265212893486023,0.0,0.833486795425415,-0.005369663238525391,-0.5525127649307251,0.0,0.5263829231262207,0.31173309683799744,0.7910394072532654,0.0,-0.04913325607776642,-0.0013048723340034485,0.04063103348016739,1.0],"resolution":[720,540],"sequence":5,"timestamp":1695122475.433,"tracking":2,"trackingReason":0},{"exposure":0.0,"image":"frame_00000006.jpg","intrinsics":[548.31787109375,548.31787109375,349.6466064453125,268.3318786621094,0.0],"location":{"altitude":112.33930206298828,"altitudeAccuracy":3.0962047576904297,"heading":275.660888671875,"headingAccuracy":4.923215866088867,"headingTimestamp":1695122471000.0,"latitude":51.4473876953125,"longitude":7.034987449645996,"positionAccuracy":4.923215866088867,"positionSource":"corelocation","positionTimestamp":1695122471000.0},"pose":[-0.049694471061229706,-0.0013735368847846985,0.040654804557561874,-0.3089979290962219,0.09517477452754974,-0.637638509273529,0.6991987228393555],"pose4x4":[0.16871780157089233,-0.9504896998405457,0.2609657943248749,0.0,0.8328544497489929,-0.004125118255615234,-0.553476095199585,0.0,0.5271501541137695,0.31072771549224854,0.790924072265625,0.0,-0.049694471061229706,-0.0013735368847846985,0.040654804557561874,1.0],"resolution":[720,540],"sequence":6,"timestamp":1695122475.517,"tracking":2,"trackingReason":0},{"exposure":0.0,"image":"frame_00000007.jpg","intrinsics":[548.5375366210938,548.5375366210938,349.6547546386719,268.28619384765625,0.0],"location":{"altitude":112.33930206298828,"altitudeAccuracy":3.0962047576904297,"heading":275.660888671875,"headingAccuracy":4.923215866088867,"headingTimestamp":1695122471000.0,"latitude":51.4473876953125,"longitude":7.034987449645996,"positionAccuracy":4.923215866088867,"positionSource":"corelocation","positionTimestamp":1695122471000.0},"pose":[-0.0503222793340683,-0.0014520436525344849,0.04109928384423256,-0.3089171051979065,0.09593132138252258,-0.6371896862983704,0.6995404362678528],"pose4x4":[0.16957300901412964,-0.9507495760917664,0.259461909532547,0.0,0.8322102427482605,-0.0028809309005737305,-0.5544528961181641,0.0,0.5278933048248291,0.30994713306427,0.7907348275184631,0.0,-0.0503222793340683,-0.0014520436525344849,0.04109928384423256,1.0],"resolution":[720,540],"sequence":7,"timestamp":1695122475.6,"tracking":2,"trackingReason":0},{"exposure":0.0,"image":"frame_00000008.jpg","intrinsics":[548.31787109375,548.31787109375,349.66302490234375,268.252197265625,0.0],"location":{"altitude":112.33930206298828,"altitudeAccuracy":3.0962047576904297,"heading":275.660888671875,"headingAccuracy":4.923215866088867,"headingTimestamp":1695122471000.0,"latitude":51.4473876953125,"longitude":7.034987449645996,"positionAccuracy":4.923215866088867,"positionSource":"corelocation","positionTimestamp":1695122471000.0},"pose":[-0.05047854781150818,-0.0013875234872102737,0.041221167892217636,-0.30817195773124695,0.09571633487939835,-0.6368070244789124,0.7002467513084412],"pose4x4":[0.17063039541244507,-0.9508382678031921,0.2584420442581177,0.0,0.83284991979599,-0.000986337661743164,-0.5534985065460205,0.0,0.5265422463417053,0.30968713760375977,0.7917368412017822,0.0,-0.05047854781150818,-0.0013875234872102737,0.041221167892217636,1.0],"resolution":[720,540],"sequence":8,"timestamp":1695122475.7,"tracking":2,"trackingReason":0},{"exposure":0.0,"image":"frame_00000009.jpg","intrinsics":[548.31787109375,548.31787109375,349.6207275390625,268.2783203125,0.0],"location":{"altitude":112.33930206298828,"altitudeAccuracy":3.0962047576904297,"heading":275.660888671875,"headingAccuracy":4.923215866088867,"headingTimestamp":1695122471000.0,"latitude":51.4473876953125,"longitude":7.034987449645996,"positionAccuracy":4.923215866088867,"positionSource":"corelocation","positionTimestamp":1695122471000.0},"pose":[-0.0505148246884346,-0.0016473829746246338,0.041190292686223984,-0.30719977617263794,0.09577789157629013,-0.6366467475891113,0.7008109092712402],"pose4x4":[0.17101502418518066,-0.9511838555335999,0.25691109895706177,0.0,0.8334921002388,0.0006183981895446777,-0.5525312423706055,0.0,0.5253998637199402,0.3086245357990265,0.7929098010063171,0.0,-0.0505148246884346,-0.0016473829746246338,0.041190292686223984,1.0],"resolution":[720,540],"sequence":9,"timestamp":1695122475.8,"tracking":2,"trackingReason":0},{"exposure":0.0,"image":"frame_00000010.jpg","intrinsics":[548.31787109375,548.31787109375,349.6063232421875,268.28546142578125,0.0],"location":{"altitude":112.33930206298828,"altitudeAccuracy":3.0962047576904297,"heading":275.660888671875,"headingAccuracy":4.923215866088867,"headingTimestamp":1695122471000.0,"latitude":51.4473876953125,"longitude":7.034987449645996,"positionAccuracy":4.923215866088867,"positionSource":"corelocation","positionTimestamp":1695122471000.0},"pose":[-0.05023905634880066,-0.0017335712909698486,0.04128542169928551,-0.30667245388031006,0.09574192017316818,-0.6367539763450623,0.7009492516517639],"pose4x4":[0.17075574398040771,-0.9513872265815735,0.25632935762405396,0.0,0.833941638469696,0.0009927749633789063,-0.551851749420166,0.0,0.5247702598571777,0.3079955577850342,0.7935709953308105,0.0,-0.05023905634880066,-0.0017335712909698486,0.04128542169928551,1.0],"resolution":[720,540],"sequence":10,"timestamp":1695122475.9,"tracking":2,"trackingReason":0},{"exposure":0.0,"image":"frame_00000011.jpg","intrinsics":[548.5375366210938,548.5375366210938,349.6388244628906,268.2818908691406,0.0],"location":{"altitude":112.33930206298828,"altitudeAccuracy":3.0962047576904297,"heading":275.660888671875,"headingAccuracy":4.923215866088867,"headingTimestamp":1695122471000.0,"latitude":51.4473876953125,"longitude":7.034987449645996,"positionAccuracy":4.923215866088867,"positionSource":"corelocation","positionTimestamp":1695122471000.0},"pose":[-0.04992975294589996,-0.0020476747304201126,0.041200559586286545,-0.305416464805603,0.0952363908290863,-0.637793779373169,0.7006210088729858],"pose4x4":[0.16829824447631836,-0.9518769979476929,0.2561362087726593,0.0,0.8355299234390259,-0.00012028217315673828,-0.5494447350502014,0.0,0.5230346918106079,0.3064800500869751,0.795301616191864,0.0,-0.04992975294589996,-0.0020476747304201126,0.041200559586286545,1.0],"resolution":[720,540],"sequence":11,"timestamp":1695122476.0,"tracking":2,"trackingReason":0},{"exposure":0.0,"image":"frame_00000012.jpg","intrinsics":[548.31787109375,548.31787109375,349.67529296875,268.1881103515625,0.0],"location":{"altitude":112.33930206298828,"altitudeAccuracy":3.0962047576904297,"heading":275.660888671875,"headingAccuracy":4.923215866088867,"headingTimestamp":1695122471000.0,"latitude":51.4473876953125,"longitude":7.034987449645996,"positionAccuracy":4.923215866088867,"positionSource":"corelocation","positionTimestamp":1695122471000.0},"pose":[-0.05032576620578766,-0.0024509578943252563,0.04066794365644455,-0.30488815903663635,0.09480324387550354,-0.6376243829727173,0.7010638117790222],"pose4x4":[0.1688949465751648,-0.9518395066261292,0.25588202476501465,0.0,0.8362219929695129,0.0009567141532897949,-0.5483898520469666,0.0,0.5217344760894775,0.3065944015979767,0.7961111068725586,0.0,-0.05032576620578766,-0.0024509578943252563,0.04066794365644455,1.0],"resolution":[720,540],"sequence":12,"timestamp":1695122476.083,"tracking":2,"trackingReason":0},{"exposure":0.0,"image":"frame_00000013.jpg","intrinsics":[548.0982055664063,548.0982055664063,349.6449890136719,268.1752624511719,0.0],"location":{"altitude":112.33930206298828,"altitudeAccuracy":3.0962047576904297,"heading":275.660888671875,"headingAccuracy":4.923215866088867,"headingTimestamp":1695122471000.0,"latitude":51.4473876953125,"longitude":7.034987449645996,"positionAccuracy":4.923215866088867,"positionSource":"corelocation","positionTimestamp":1695122471000.0},"pose":[-0.05005643144249916,-0.0028836987912654877,0.03957732766866684,-0.30345234274864197,0.09374292194843292,-0.6384063363075256,0.701117992401123],"pose4x4":[0.1672992706298828,-0.9520893096923828,0.2560020983219147,0.0,0.8383033275604248,0.0007080435752868652,-0.5452039837837219,0.0,0.5189014673233032,0.30581966042518616,0.7982578873634338,0.0,-0.05005643144249916,-0.0028836987912654877,0.03957732766866684,1.0],"resolution":[720,540],"sequence":13,"timestamp":1695122476.166,"tracking":2,"trackingReason":0},{"exposure":0.0,"image":"frame_00000014.jpg","intrinsics":[548.0982055664063,548.0982055664063,349.6487121582031,268.20025634765625,0.0],"location":{"altitude":112.33930206298828,"altitudeAccuracy":3.0962047576904297,"heading":275.660888671875,"headingAccuracy":4.923215866088867,"headingTimestamp":1695122471000.0,"latitude":51.4473876953125,"longitude":7.034987449645996,"positionAccuracy":4.923215866088867,"positionSource":"corelocation","positionTimestamp":1695122471000.0},"pose":[-0.04971318691968918,-0.0034662652760744095,0.03950921446084976,-0.30140557885169983,0.09215234220027924,-0.6394880414009094,0.7012258172035217],"pose4x4":[0.16512596607208252,-0.9524015188217163,0.25625133514404297,0.0,0.8413006067276001,0.00041943788528442383,-0.5405673980712891,0.0,0.5147297382354736,0.3048461079597473,0.801325261592865,0.0,-0.04971318691968918,-0.0034662652760744095,0.03950921446084976,1.0],"resolution":[720,540],"sequence":14,"timestamp":1695122476.25,"tracking":2,"trackingReason":0},{"exposure":0.0,"image":"frame_00000015.jpg","intrinsics":[548.5375366210938,548.5375366210938,349.63653564453125,268.2094421386719,0.0],"location":{"altitude":112.33930206298828,"altitudeAccuracy":3.0962047576904297,"heading":275.660888671875,"headingAccuracy":4.923215866088867,"headingTimestamp":1695122471000.0,"latitude":51.4473876953125,"longitude":7.034987449645996,"positionAccuracy":4.923215866088867,"positionSource":"corelocation","positionTimestamp":1695122471000.0},"pose":[-0.04912940412759781,-0.004033677279949188,0.03943844512104988,-0.2995486855506897,0.09121332317590714,-0.6402173042297363,0.7014786601066589],"pose4x4":[0.16360384225845337,-0.952843189239502,0.25558409094810486,0.0,0.8435518741607666,0.000784754753112793,-0.5370467305183411,0.0,0.5115208625793457,0.30346131324768066,0.8039014339447021,0.0,-0.04912940412759781,-0.004033677279949188,0.03943844512104988,1.0],"resolution":[720,540],"sequence":15,"timestamp":1695122476.333,"tracking":2,"trackingReason":0},{"exposure":0.0,"image":"frame_00000016.jpg","intrinsics":[548.0982055664063,548.0982055664063,349.61090087890625,268.2181091308594,0.0],"location":{"altitude":112.33930206298828,"altitudeAccuracy":3.0962047576904297,"heading":275.660888671875,"headingAccuracy":4.923215866088867,"headingTimestamp":1695122471000.0,"latitude":51.4473876953125,"longitude":7.034987449645996,"positionAccuracy":4.923215866088867,"positionSource":"corelocation","positionTimestamp":1695122471000.0},"pose":[-0.049302153289318085,-0.004677660763263702,0.04012967646121979,-0.2974427342414856,0.089363232254982,-0.6408272385597229,0.7020557522773743],"pose4x4":[0.1627092957496643,-0.9529538154602051,0.2557428777217865,0.0,0.8466320037841797,0.0017365217208862305,-0.5321755409240723,0.0,0.5066947937011719,0.3031100034713745,0.8070840835571289,0.0,-0.049302153289318085,-0.004677660763263702,0.04012967646121979,1.0],"resolution":[720,540],"sequence":16,"timestamp":1695122476.416,"tracking":2,"trackingReason":0},{"exposure":0.0,"image":"frame_00000017.jpg","intrinsics":[548.5375366210938,548.5375366210938,349.61907958984375,268.2009582519531,0.0],"location":{"altitude":112.33930206298828,"altitudeAccuracy":3.0962047576904297,"heading":275.660888671875,"headingAccuracy":4.923215866088867,"headingTimestamp":1695122471000.0,"latitude":51.4473876953125,"longitude":7.034987449645996,"positionAccuracy":4.923215866088867,"positionSource":"corelocation","positionTimestamp":1695122471000.0},"pose":[-0.04824518412351608,-0.005887329578399658,0.04103603959083557,-0.2949053645133972,0.08807721734046936,-0.6416335105895996,0.7025522589683533],"pose4x4":[0.16109764575958252,-0.9535110592842102,0.2546846270561218,0.0,0.8496132493019104,0.0026745200157165527,-0.5273994207382202,0.0,0.5022000074386597,0.3013462722301483,0.8105464577674866,0.0,-0.04824518412351608,-0.005887329578399658,0.04103603959083557,1.0],"resolution":[720,540],"sequence":17,"timestamp":1695122476.5,"tracking":2,"trackingReason":0},{"exposure":0.0,"image":"frame_00000018.jpg","intrinsics":[548.31787109375,548.31787109375,349.6702880859375,268.193115234375,0.0],"location":{"altitude":112.33930206298828,"altitudeAccuracy":3.0962047576904297,"heading":275.660888671875,"headingAccuracy":4.923215866088867,"headingTimestamp":1695122471000.0,"latitude":51.4473876953125,"longitude":7.034987449645996,"positionAccuracy":4.923215866088867,"positionSource":"corelocation","positionTimestamp":1695122471000.0},"pose":[-0.04789170250296593,-0.00667615607380867,0.041576750576496124,-0.292242169380188,0.08673161268234253,-0.6421067118644714,0.7033995389938354],"pose4x4":[0.1603531837463379,-0.9540084004402161,0.2532873749732971,0.0,0.852621853351593,0.004586935043334961,-0.522507905960083,0.0,0.49731528759002686,0.2997441291809082,0.8141442537307739,0.0,-0.04789170250296593,-0.00667615607380867,0.041576750576496124,1.0],"resolution":[720,540],"sequence":18,"timestamp":1695122476.583,"tracking":2,"trackingReason":0},{"exposure":0.0,"image":"frame_00000019.jpg","intrinsics":[548.0982055664063,548.0982055664063,349.64080810546875,268.20526123046875,0.0],"location":{"altitude":112.33930206298828,"altitudeAccuracy":3.0962047576904297,"heading":275.660888671875,"headingAccuracy":4.923215866088867,"headingTimestamp":1695122471000.0,"latitude":51.4473876953125,"longitude":7.034987449645996,"positionAccuracy":4.923215866088867,"positionSource":"corelocation","positionTimestamp":1695122471000.0},"pose":[-0.04764971137046814,-0.007623830810189247,0.04172726348042488,-0.2903951406478882,0.08492761105298996,-0.6426481008529663,0.7038902640342712],"pose4x4":[0.15958142280578613,-0.9540325999259949,0.2536843419075012,0.0,0.8553823828697205,0.005348145961761475,-0.5179697275161743,0.0,0.4928032159805298,0.2996554672718048,0.8169159293174744,0.0,-0.04764971137046814,-0.007623830810189247,0.04172726348042488,1.0],"resolution":[720,540],"sequence":19,"timestamp":1695122476.666,"tracking":2,"trackingReason":0},{"exposure":0.0,"image":"frame_00000020.jpg","intrinsics":[548.31787109375,548.31787109375,349.6490783691406,268.1709899902344,0.0],"location":{"altitude":112.33930206298828,"altitudeAccuracy":3.0962047576904297,"heading":275.660888671875,"headingAccuracy":4.923215866088867,"headingTimestamp":1695122471000.0,"latitude":51.4473876953125,"longitude":7.034987449645996,"positionAccuracy":4.923215866088867,"positionSource":"corelocation","positionTimestamp":1695122471000.0},"pose":[-0.048247359693050385,-0.007192814722657204,0.04255633428692818,-0.2879730761051178,0.08278486877679825,-0.6439437866210938,0.7039565443992615],"pose4x4":[0.15696609020233154,-0.9542964696884155,0.2543230354785919,0.0,0.8589372634887695,0.004815816879272461,-0.512058675289154,0.0,0.4874308407306671,0.2988234758377075,0.8204363584518433,0.0,-0.048247359693050385,-0.007192814722657204,0.04255633428692818,1.0],"resolution":[720,540],"sequence":20,"timestamp":1695122476.75,"tracking":2,"trackingReason":0},{"exposure":0.0,"image":"frame_00000021.jpg","intrinsics":[548.5375366210938,548.5375366210938,349.64154052734375,268.20709228515625,0.0],"location":{"altitude":112.33930206298828,"altitudeAccuracy":3.0962047576904297,"heading":275.660888671875,"headingAccuracy":4.923215866088867,"headingTimestamp":1695122471000.0,"latitude":51.4473876953125,"longitude":7.034987449645996,"positionAccuracy":4.923215866088867,"positionSource":"corelocation","positionTimestamp":1695122471000.0},"pose":[-0.047771286219358444,-0.007681567221879959,0.04212852939963341,-0.28591296076774597,0.08041079342365265,-0.6449458003044128,0.7041540145874023],"pose4x4":[0.15515804290771484,-0.9542633295059204,0.25555357336997986,0.0,0.8623013496398926,0.004597365856170654,-0.506374716758728,0.0,0.4820398986339569,0.2989323139190674,0.8235757350921631,0.0,-0.047771286219358444,-0.007681567221879959,0.04212852939963341,1.0],"resolution":[720,540],"sequence":21,"timestamp":1695122476.833,"tracking":2,"trackingReason":0},{"exposure":0.0,"image":"frame_00000022.jpg","intrinsics":[548.31787109375,548.31787109375,349.6492919921875,268.1795349121094,0.0],"location":{"altitude":112.33930206298828,"altitudeAccuracy":3.0962047576904297,"heading":275.660888671875,"headingAccuracy":4.923215866088867,"headingTimestamp":1695122471000.0,"latitude":51.4473876953125,"longitude":7.034987449645996,"positionAccuracy":4.923215866088867,"positionSource":"corelocation","positionTimestamp":1695122471000.0},"pose":[-0.046700216829776764,-0.008382530882954597,0.041685283184051514,-0.28384143114089966,0.07817769050598145,-0.6455581188201904,0.7046819925308228],"pose4x4":[0.1542859673500061,-0.9542064666748047,0.2562914490699768,0.0,0.8654462099075317,0.005377531051635742,-0.5009723901748657,0.0,0.4766530990600586,0.2990993857383728,0.8266445994377136,0.0,-0.046700216829776764,-0.008382530882954597,0.041685283184051514,1.0],"resolution":[720,540],"sequence":22,"timestamp":1695122476.916,"tracking":2,"trackingReason":0},{"exposure":0.0,"image":"frame_00000023.jpg","intrinsics":[548.31787109375,548.31787109375,349.62286376953125,268.1538391113281,0.0],"location":{"altitude":112.33930206298828,"altitudeAccuracy":3.0962047576904297,"heading":275.660888671875,"headingAccuracy":4.923215866088867,"headingTimestamp":1695122471000.0,"latitude":51.4473876953125,"longitude":7.034987449645996,"positionAccuracy":4.923215866088867,"positionSource":"corelocation","positionTimestamp":1695122471000.0},"pose":[-0.04630093276500702,-0.008226446807384491,0.04185263067483902,-0.2816120386123657,0.07573652267456055,-0.6464675068855286,0.705009400844574],"pose4x4":[0.15268748998641968,-0.9541879892349243,0.25731614232063293,0.0,0.8688746690750122,0.005548834800720215,-0.4950006604194641,0.0,0.4708959758281708,0.2991558909416199,0.8299172520637512,0.0,-0.04630093276500702,-0.008226446807384491,0.04185263067483902,1.0],"resolution":[720,540],"sequence":23,"timestamp":1695122476.999,"tracking":2,"trackingReason":0},{"exposure":0.0,"image":"frame_00000024.jpg","intrinsics":[548.31787109375,548.31787109375,349.62335205078125,268.1966857910156,0.0],"location":{"altitude":112.33930206298828,"altitudeAccuracy":3.0962047576904297,"heading":275.660888671875,"headingAccuracy":4.923215866088867,"headingTimestamp":1695122471000.0,"latitude":51.4473876953125,"longitude":7.034987449645996,"positionAccuracy":4.923215866088867,"positionSource":"corelocation","positionTimestamp":1695122471000.0},"pose":[-0.04574669897556305,-0.008636079728603363,0.04140031337738037,-0.2794922888278961,0.07270628213882446,-0.6475624442100525,0.7051669955253601],"pose4x4":[0.15075331926345825,-0.9539210200309753,0.25943729281425476,0.0,0.8726376891136169,0.005093872547149658,-0.48834118247032166,0.0,0.4645175635814667,0.3000137507915497,0.833195686340332,0.0,-0.04574669897556305,-0.008636079728603363,0.04140031337738037,1.0],"resolution":[720,540],"sequence":24,"timestamp":1695122477.083,"tracking":2,"trackingReason":0},{"exposure":0.0,"image":"frame_00000025.jpg","intrinsics":[548.31787109375,548.31787109375,349.60491943359375,268.16455078125,0.0],"location":{"altitude":112.33930206298828,"altitudeAccuracy":3.0962047576904297,"heading":275.660888671875,"headingAccuracy":4.923215866088867,"headingTimestamp":1695122471000.0,"latitude":51.4473876953125,"longitude":7.034987449645996,"positionAccuracy":4.923215866088867,"positionSource":"corelocation","positionTimestamp":1695122471000.0},"pose":[-0.04525070637464523,-0.009062200784683228,0.04082759469747543,-0.2774260640144348,0.07014297693967819,-0.6485967040061951,0.7052921652793884],"pose4x4":[0.14880454540252686,-0.9538193345069885,0.26093268394470215,0.0,0.8759813904762268,0.00471419095993042,-0.4823218584060669,0.0,0.45881783962249756,0.3003438711166382,0.8362295031547546,0.0,-0.04525070637464523,-0.009062200784683228,0.04082759469747543,1.0],"resolution":[720,540],"sequence":25,"timestamp":1695122477.166,"tracking":2,"trackingReason":0},{"exposure":0.0,"image":"frame_00000026.jpg","intrinsics":[548.0982055664063,548.0982055664063,349.61639404296875,268.2038269042969,0.0],"location":{"altitude":112.33930206298828,"altitudeAccuracy":3.0962047576904297,"heading":275.660888671875,"headingAccuracy":4.923215866088867,"headingTimestamp":1695122471000.0,"latitude":51.4473876953125,"longitude":7.034987449645996,"positionAccuracy":4.923215866088867,"positionSource":"corelocation","positionTimestamp":1695122471000.0},"pose":[-0.04516772925853729,-0.009650666266679764,0.04018591716885567,-0.27426913380622864,0.06670207530260086,-0.6494875550270081,0.7060405611991882],"pose4x4":[0.14743351936340332,-0.9537177085876465,0.26208001375198364,0.0,0.8805404901504517,0.005884706974029541,-0.4739345908164978,0.0,0.45045751333236694,0.30064594745635986,0.8406545519828796,0.0,-0.04516772925853729,-0.009650666266679764,0.04018591716885567,1.0],"resolution":[720,540],"sequence":26,"timestamp":1695122477.266,"tracking":2,"trackingReason":0},{"exposure":0.0,"image":"frame_00000027.jpg","intrinsics":[547.8785400390625,547.8785400390625,349.59259033203125,268.1409912109375,0.0],"location":{"altitude":112.33930206298828,"altitudeAccuracy":3.0962047576904297,"heading":275.660888671875,"headingAccuracy":4.923215866088867,"headingTimestamp":1695122471000.0,"latitude":51.4473876953125,"longitude":7.034987449645996,"positionAccuracy":4.923215866088867,"positionSource":"corelocation","positionTimestamp":1695122471000.0},"pose":[-0.04473527520895004,-0.009988658130168915,0.039915986359119415,-0.2716262936592102,0.06411131471395493,-0.6501343250274658,0.7067065834999084],"pose4x4":[0.14643025398254395,-0.9537370800971985,0.2625713646411896,0.0,0.8840797543525696,0.007089078426361084,-0.46728211641311646,0.0,0.44380292296409607,0.30055826902389526,0.8442177772521973,0.0,-0.04473527520895004,-0.009988658130168915,0.039915986359119415,1.0],"resolution":[720,540],"sequence":27,"timestamp":1695122477.349,"tracking":2,"trackingReason":0},{"exposure":0.0,"image":"frame_00000028.jpg","intrinsics":[548.0982055664063,548.0982055664063,349.6314392089844,268.145263671875,0.0],"location":{"altitude":112.33930206298828,"altitudeAccuracy":3.0962047576904297,"heading":275.660888671875,"headingAccuracy":4.923215866088867,"headingTimestamp":1695122471000.0,"latitude":51.4473876953125,"longitude":7.034987449645996,"positionAccuracy":4.923215866088867,"positionSource":"corelocation","positionTimestamp":1695122471000.0},"pose":[-0.04440890625119209,-0.010367859154939651,0.0395796038210392,-0.2687384784221649,0.061733633279800415,-0.6506839394569397,0.7075158357620239],"pose4x4":[0.14559876918792725,-0.9539188146591187,0.26237258315086365,0.0,0.8875579833984375,0.008780121803283691,-0.46061164140701294,0.0,0.4370826780796051,0.2999352812767029,0.8479371666908264,0.0,-0.04440890625119209,-0.010367859154939651,0.0395796038210392,1.0],"resolution":[720,540],"sequence":28,"timestamp":1695122477.433,"tracking":2,"trackingReason":0},{"exposure":0.0,"image":"frame_00000029.jpg","intrinsics":[548.5375366210938,548.5375366210938,349.6319274902344,268.1881103515625,0.0],"location":{"altitude":112.33930206298828,"altitudeAccuracy":3.0962047576904297,"heading":275.660888671875,"headingAccuracy":4.923215866088867,"headingTimestamp":1695122471000.0,"latitude":51.4473876953125,"longitude":7.034987449645996,"positionAccuracy":4.923215866088867,"positionSource":"corelocation","positionTimestamp":1695122471000.0},"pose":[-0.04380033165216446,-0.01020222157239914,0.03933724761009216,-0.2652853727340698,0.058922842144966125,-0.6513447165489197,0.7084500193595886],"pose4x4":[0.14455628395080566,-0.9541531205177307,0.26209667325019836,0.0,0.8916276097297668,0.010747432708740234,-0.45264101028442383,0.0,0.42907223105430603,0.29912471771240234,0.8523035049438477,0.0,-0.04380033165216446,-0.01020222157239914,0.03933724761009216,1.0],"resolution":[720,540],"sequence":29,"timestamp":1695122477.533,"tracking":2,"trackingReason":0},{"exposure":0.0,"image":"frame_00000030.jpg","intrinsics":[548.0982055664063,548.0982055664063,349.615966796875,268.1824035644531,0.0],"location":{"altitude":112.33930206298828,"altitudeAccuracy":3.0962047576904297,"heading":275.660888671875,"headingAccuracy":4.923215866088867,"headingTimestamp":1695122471000.0,"latitude":51.4473876953125,"longitude":7.034987449645996,"positionAccuracy":4.923215866088867,"positionSource":"corelocation","positionTimestamp":1695122471000.0},"pose":[-0.041801534593105316,-0.0101800337433815,0.039065729826688766,-0.2623290419578552,0.05640196427702904,-0.6527449488639832,0.708467423915863],"pose4x4":[0.14148569107055664,-0.9544888138771057,0.2625499963760376,0.0,0.895305335521698,0.010215044021606445,-0.445335328578949,0.0,0.4223858118057251,0.2980709671974182,0.8560045957565308,0.0,-0.041801534593105316,-0.0101800337433815,0.039065729826688766,1.0],"resolution":[720,540],"sequence":30,"timestamp":1695122477.616,"tracking":2,"trackingReason":0},{"exposure":0.0,"image":"frame_00000031.jpg","intrinsics":[548.31787109375,548.31787109375,349.6490783691406,268.1709899902344,0.0],"location":{"altitude":112.33930206298828,"altitudeAccuracy":3.0962047576904297,"heading":275.660888671875,"headingAccuracy":4.923215866088867,"headingTimestamp":1695122471000.0,"latitude":51.4473876953125,"longitude":7.034987449645996,"positionAccuracy":4.923215866088867,"positionSource":"corelocation","positionTimestamp":1695122471000.0},"pose":[-0.04017407074570656,-0.01013621874153614,0.038710616528987885,-0.2587997317314148,0.05277228355407715,-0.6539734601974487,0.7089119553565979],"pose4x4":[0.13906759023666382,-0.954534113407135,0.2636744976043701,0.0,0.8999043107032776,0.010682821273803711,-0.43595579266548157,0.0,0.41331809759140015,0.29790911078453064,0.8604755401611328,0.0,-0.04017407074570656,-0.01013621874153614,0.038710616528987885,1.0],"resolution":[720,540],"sequence":31,"timestamp":1695122477.699,"tracking":2,"trackingReason":0},{"exposure":0.0,"image":"frame_00000032.jpg","intrinsics":[548.0982055664063,548.0982055664063,349.6148986816406,268.1966857910156,0.0],"location":{"altitude":112.33930206298828,"altitudeAccuracy":3.0962047576904297,"heading":275.660888671875,"headingAccuracy":4.923215866088867,"headingTimestamp":1695122471000.0,"latitude":51.4473876953125,"longitude":7.034987449645996,"positionAccuracy":4.923215866088867,"positionSource":"corelocation","positionTimestamp":1695122471000.0},"pose":[-0.03830847889184952,-0.010551810264587402,0.03800339251756668,-0.25547361373901367,0.048905324190855026,-0.6554513573646545,0.7090312838554382],"pose4x4":[0.13598358631134033,-0.9544590711593628,0.26555025577545166,0.0,0.9044829607009888,0.010233521461486816,-0.4263876974582672,0.0,0.4042518734931946,0.2981674373149872,0.8646830320358276,0.0,-0.03830847889184952,-0.010551810264587402,0.03800339251756668,1.0],"resolution":[720,540],"sequence":32,"timestamp":1695122477.783,"tracking":2,"trackingReason":0},{"exposure":0.0,"image":"frame_00000033.jpg","intrinsics":[548.0982055664063,548.0982055664063,349.60504150390625,268.0938415527344,0.0],"location":{"altitude":112.33930206298828,"altitudeAccuracy":3.0962047576904297,"heading":275.660888671875,"headingAccuracy":4.923215866088867,"headingTimestamp":1695122471000.0,"latitude":51.4473876953125,"longitude":7.034987449645996,"positionAccuracy":4.923215866088867,"positionSource":"corelocation","positionTimestamp":1695122471000.0},"pose":[-0.03693375736474991,-0.010797299444675446,0.037843216210603714,-0.2516990900039673,0.045227695256471634,-0.6566404700279236,0.7095248103141785],"pose4x4":[0.13355553150177002,-0.9545729756355286,0.2663712799549103,0.0,0.9090378880500793,0.010941743850708008,-0.41657018661499023,0.0,0.39473196864128113,0.29777681827545166,0.869204044342041,0.0,-0.03693375736474991,-0.010797299444675446,0.037843216210603714,1.0],"resolution":[720,540],"sequence":33,"timestamp":1695122477.866,"tracking":2,"trackingReason":0},{"exposure":0.0,"image":"frame_00000034.jpg","intrinsics":[548.5375366210938,548.5375366210938,349.6336669921875,268.1502685546875,0.0],"location":{"altitude":112.33930206298828,"altitudeAccuracy":3.0962047576904297,"heading":275.660888671875,"headingAccuracy":4.923215866088867,"headingTimestamp":1695122471000.0,"latitude":51.4473876953125,"longitude":7.034987449645996,"positionAccuracy":4.923215866088867,"positionSource":"corelocation","positionTimestamp":1695122471000.0},"pose":[-0.03632167726755142,-0.009421832859516144,0.037994518876075745,-0.24768361449241638,0.0416639968752861,-0.6576830148696899,0.7101903557777405],"pose4x4":[0.13143432140350342,-0.9547992944717407,0.2666158676147461,0.0,0.9135212898254395,0.012211799621582031,-0.4066084325313568,0.0,0.38497334718704224,0.2970016300678253,0.8738338947296143,0.0,-0.03632167726755142,-0.009421832859516144,0.037994518876075745,1.0],"resolution":[720,540],"sequence":34,"timestamp":1695122477.949,"tracking":2,"trackingReason":0},{"exposure":0.0,"image":"frame_00000035.jpg","intrinsics":[548.5375366210938,548.5375366210938,349.6360168457031,268.16668701171875,0.0],"location":{"altitude":112.33930206298828,"altitudeAccuracy":3.0962047576904297,"heading":275.660888671875,"headingAccuracy":4.923215866088867,"headingTimestamp":1695122471000.0,"latitude":51.4473876953125,"longitude":7.034987449645996,"positionAccuracy":4.923215866088867,"positionSource":"corelocation","positionTimestamp":1695122471000.0},"pose":[-0.035977236926555634,-0.009341247379779816,0.03837216645479202,-0.2437603771686554,0.03767181932926178,-0.6592703461647034,0.7102985382080078],"pose4x4":[0.12788689136505127,-0.9549233317375183,0.2678914964199066,0.0,0.9181917309761047,0.011886954307556152,-0.3959571123123169,0.0,0.3749244511127472,0.2966134548187256,0.8783234357833862,0.0,-0.035977236926555634,-0.009341247379779816,0.03837216645479202,1.0],"resolution":[720,540],"sequence":35,"timestamp":1695122478.032,"tracking":2,"trackingReason":0},{"exposure":0.0,"image":"frame_00000036.jpg","intrinsics":[548.5375366210938,548.5375366210938,349.59259033203125,268.15789794921875,0.0],"location":{"altitude":112.33930206298828,"altitudeAccuracy":3.0962047576904297,"heading":275.660888671875,"headingAccuracy":4.923215866088867,"headingTimestamp":1695122471000.0,"latitude":51.4473876953125,"longitude":7.034987449645996,"positionAccuracy":4.923215866088867,"positionSource":"corelocation","positionTimestamp":1695122471000.0},"pose":[-0.03438973426818848,-0.010481560602784157,0.03756069764494896,-0.23953939974308014,0.03262515366077423,-0.6608144044876099,0.7105497717857361],"pose4x4":[0.12451988458633423,-0.9547130465507507,0.2702185809612274,0.0,0.9234530329704285,0.011890411376953125,-0.3835276961326599,0.0,0.3629457652568817,0.29729098081588745,0.8831129670143127,0.0,-0.03438973426818848,-0.010481560602784157,0.03756069764494896,1.0],"resolution":[720,540],"sequence":36,"timestamp":1695122478.116,"tracking":2,"trackingReason":0},{"exposure":0.0,"image":"frame_00000037.jpg","intrinsics":[548.31787109375,548.31787109375,349.6300048828125,268.1466979980469,0.0],"location":{"altitude":112.33930206298828,"altitudeAccuracy":3.0962047576904297,"heading":275.660888671875,"headingAccuracy":4.923215866088867,"headingTimestamp":1695122471000.0,"latitude":51.4473876953125,"longitude":7.034987449645996,"positionAccuracy":4.923215866088867,"positionSource":"corelocation","positionTimestamp":1695122471000.0},"pose":[-0.033102765679359436,-0.011349603533744812,0.03691960871219635,-0.23462307453155518,0.02609776332974434,-0.6624982357025146,0.7108913660049438],"pose4x4":[0.1208299994468689,-0.954174816608429,0.27376940846443176,0.0,0.9296823143959045,0.012096226215362549,-0.36816248297691345,0.0,0.3479801118373871,0.29900357127189636,0.8885418176651001,0.0,-0.033102765679359436,-0.011349603533744812,0.03691960871219635,1.0],"resolution":[720,540],"sequence":37,"timestamp":1695122478.199,"tracking":2,"trackingReason":0},{"exposure":0.0,"image":"frame_00000038.jpg","intrinsics":[548.5375366210938,548.5375366210938,349.6048278808594,268.0938415527344,0.0],"location":{"altitude":112.33930206298828,"altitudeAccuracy":3.0962047576904297,"heading":275.660888671875,"headingAccuracy":4.923215866088867,"headingTimestamp":1695122471000.0,"latitude":51.4473876953125,"longitude":7.034987449645996,"positionAccuracy":4.923215866088867,"positionSource":"corelocation","positionTimestamp":1695122471000.0},"pose":[-0.030712103471159935,-0.01141909509897232,0.0370134562253952,-0.22882050275802612,0.01995929889380932,-0.6645300388336182,0.711085855960846],"pose4x4":[0.11600291728973389,-0.9542099833488464,0.2757306396961212,0.0,0.9359416365623474,0.01208198070526123,-0.35194915533065796,0.0,0.33250173926353455,0.2988949418067932,0.894485592842102,0.0,-0.030712103471159935,-0.01141909509897232,0.0370134562253952,1.0],"resolution":[720,540],"sequence":38,"timestamp":1695122478.282,"tracking":2,"trackingReason":0},{"exposure":0.0,"image":"frame_00000039.jpg","intrinsics":[548.31787109375,548.31787109375,349.61785888671875,268.1067199707031,0.0],"location":{"altitude":112.33930206298828,"altitudeAccuracy":3.0962047576904297,"heading":275.660888671875,"headingAccuracy":4.923215866088867,"headingTimestamp":1695122471000.0,"latitude":51.4473876953125,"longitude":7.034987449645996,"positionAccuracy":4.923215866088867,"positionSource":"corelocation","positionTimestamp":1695122471000.0},"pose":[-0.028197797015309334,-0.011552311480045319,0.036769378930330276,-0.22292636334896088,0.013251525349915028,-0.6668421030044556,0.7109498381614685],"pose4x4":[0.11029201745986938,-0.9540908336639404,0.2784710228443146,0.0,0.9422743320465088,0.011250853538513184,-0.33465227484703064,0.0,0.31615570187568665,0.29930558800697327,0.9002564549446106,0.0,-0.028197797015309334,-0.011552311480045319,0.036769378930330276,1.0],"resolution":[720,540],"sequence":39,"timestamp":1695122478.366,"tracking":2,"t